102:
Expected: 1, 2, 1, 3, 1, 3
Actual: 1.2283194, 1.239277, 1.1262633, 2.3717866, 2.1449513, 2.3113806
Error: 3.57708979

210:
Expected: 1, 3, 2, 3, 1, 3
Actual: 0.9277892, 3.139598, 1.9376931, 1.6946703, 2.0368996, 2.0487645
Error: 3.56758034

372:
Expected: 2, 2, 2, 3, 1, 3
Actual: 2.3281837, 1.9579111, 1.666198, 1.8594421, 2.2238538, 2.3752425
Error: 3.69324374

615:
Expected: 3, 2, 3, 3, 1, 3
Actual: 2.7775707, 1.9570493, 1.9872588, 1.741862, 2.2764077, 1.9945263
Error: 4.81814063

696:
Expected: 3, 3, 2, 3, 1, 3
Actual: 3.085771, 2.9834223, 2.091227, 1.7293296, 2.50741, 1.5743285
Error: 4.39732778

709:
Expected: 3, 3, 3, 1, 3, 1
Actual: 2.6731288, 2.857145, 3.1735864, 1.8084092, 1.4675933, 1.5853834
Error: 3.56951177